4178,0     0 0 1 1 1 1 1 1 0 1 0 1 0 0 0 1 0 0 1 0 1 1 1 1 0 0 0 1 0 1 0 0 0 1 1 0 0 0 0 0 
4725,0     0 0 0 1 1 1 1 1 0 1 0 1 0 1 0 1 0 0 1 0 0 1 1 1 0 0 0 1 0 1 0 0 1 1 1 0 1 0 0 1 
4725,0     0 0 0 1 1 1 1 1 0 1 0 1 0 1 0 1 0 0 1 0 0 1 1 1 0 0 0 1 0 1 0 0 1 1 1 0 1 0 0 1 
4725,0     0 0 0 1 1 1 1 1 0 1 0 1 0 1 0 1 0 0 1 0 0 1 1 1 0 0 0 1 0 1 0 0 1 1 1 0 1 0 0 1 
4725,0     0 0 0 1 1 1 1 1 0 1 0 1 0 1 0 1 0 0 1 0 0 1 1 1 0 0 0 1 0 1 0 0 1 1 1 0 1 0 0 1 
4725,0     0 0 0 1 1 1 1 1 0 1 0 1 0 1 0 1 0 0 1 0 0 1 1 1 0 0 0 1 0 1 0 0 1 1 1 0 1 0 0 1 
4725,0     0 0 0 1 1 1 1 1 0 1 0 1 0 1 0 1 0 0 1 0 0 1 1 1 0 0 0 1 0 1 0 0 1 1 1 0 1 0 0 1 
4725,0     0 0 0 1 1 1 1 1 0 1 0 1 0 1 0 1 0 0 1 0 0 1 1 1 0 0 0 1 0 1 0 0 1 1 1 0 1 0 0 1 
4725,0     0 0 0 1 1 1 1 1 0 1 0 1 0 1 0 1 0 0 1 0 0 1 1 1 0 0 0 1 0 1 0 0 1 1 1 0 1 0 0 1 
4725,0     0 0 0 1 1 1 1 1 0 1 0 1 0 1 0 1 0 0 1 0 0 1 1 1 0 0 0 1 0 1 0 0 1 1 1 0 1 0 0 1 
5107,0     0 0 1 1 1 1 1 0 0 1 0 1 0 1 0 1 0 1 1 0 1 1 1 1 0 0 0 1 0 0 0 0 0 1 1 0 0 0 0 1 
5107,0     0 0 1 1 1 1 1 0 0 1 0 1 0 1 0 1 0 1 1 0 1 1 1 1 0 0 0 1 0 0 0 0 0 1 1 0 0 0 0 1 
5107,0     0 0 1 1 1 1 1 0 0 1 0 1 0 1 0 1 0 1 1 0 1 1 1 1 0 0 0 1 0 0 0 0 0 1 1 0 0 0 0 1 
5107,0     0 0 1 1 1 1 1 0 0 1 0 1 0 1 0 1 0 1 1 0 1 1 1 1 0 0 0 1 0 0 0 0 0 1 1 0 0 0 0 1 
5107,0     0 0 1 1 1 1 1 0 0 1 0 1 0 1 0 1 0 1 1 0 1 1 1 1 0 0 0 1 0 0 0 0 0 1 1 0 0 0 0 1 
5107,0     0 0 1 1 1 1 1 0 0 1 0 1 0 1 0 1 0 1 1 0 1 1 1 1 0 0 0 1 0 0 0 0 0 1 1 0 0 0 0 1 
5107,0     0 0 1 1 1 1 1 0 0 1 0 1 0 1 0 1 0 1 1 0 1 1 1 1 0 0 0 1 0 0 0 0 0 1 1 0 0 0 0 1 
5107,0     0 0 1 1 1 1 1 0 0 1 0 1 0 1 0 1 0 1 1 0 1 1 1 1 0 0 0 1 0 0 0 0 0 1 1 0 0 0 0 1 
5484,0     0 0 1 1 1 1 1 1 0 1 0 1 0 0 0 1 0 0 1 0 1 1 1 1 0 0 0 1 0 0 1 0 0 1 1 0 1 0 0 1 
5484,0     0 0 1 1 1 1 1 1 0 1 0 1 0 0 0 1 0 0 1 0 1 1 1 1 0 0 0 1 0 0 1 0 0 1 1 0 1 0 0 1 
5484,0     0 0 1 1 1 1 1 1 0 1 0 1 0 0 0 1 0 0 1 0 1 1 1 1 0 0 0 1 0 0 1 0 0 1 1 0 1 0 0 1 
5871,0     0 0 1 1 1 1 1 1 0 1 0 1 0 0 0 1 0 0 1 0 1 1 1 0 0 0 0 1 0 0 0 0 0 0 1 0 1 0 0 0 
5871,0     0 0 1 1 1 1 1 1 0 1 0 1 0 0 0 1 0 0 1 0 1 1 1 0 0 0 0 1 0 0 0 0 0 0 1 0 1 0 0 0 
5871,0     0 0 1 1 1 1 1 1 0 1 0 1 0 0 0 1 0 0 1 0 1 1 1 0 0 0 0 1 0 0 0 0 0 0 1 0 1 0 0 0 
5871,0     0 0 1 1 1 1 1 1 0 1 0 1 0 0 0 1 0 0 1 0 1 1 1 0 0 0 0 1 0 0 0 0 0 0 1 0 1 0 0 0 
5871,0     0 0 1 1 1 1 1 1 0 1 0 1 0 0 0 1 0 0 1 0 1 1 1 0 0 0 0 1 0 0 0 0 0 0 1 0 1 0 0 0 
5871,0     0 0 1 1 1 1 1 1 0 1 0 1 0 0 0 1 0 0 1 0 1 1 1 0 0 0 0 1 0 0 0 0 0 0 1 0 1 0 0 0 
5871,0     0 0 1 1 1 1 1 1 0 1 0 1 0 0 0 1 0 0 1 0 1 1 1 0 0 0 0 1 0 0 0 0 0 0 1 0 1 0 0 0 
6235,0     0 0 1 1 1 1 1 1 0 1 0 1 0 1 0 1 0 0 1 0 1 1 1 0 0 0 0 1 0 0 0 0 0 0 1 1 1 0 0 0 
6235,0     0 0 1 1 1 1 1 1 0 1 0 1 0 1 0 1 0 0 1 0 1 1 1 0 0 0 0 1 0 0 0 0 0 0 1 1 1 0 0 0 
6235,0     0 0 1 1 1 1 1 1 0 1 0 1 0 1 0 1 0 0 1 0 1 1 1 0 0 0 0 1 0 0 0 0 0 0 1 1 1 0 0 0 
6235,0     0 0 1 1 1 1 1 1 0 1 0 1 0 1 0 1 0 0 1 0 1 1 1 0 0 0 0 1 0 0 0 0 0 0 1 1 1 0 0 0 
6235,0     0 0 1 1 1 1 1 1 0 1 0 1 0 1 0 1 0 0 1 0 1 1 1 0 0 0 0 1 0 0 0 0 0 0 1 1 1 0 0 0 
6235,0     0 0 1 1 1 1 1 1 0 1 0 1 0 1 0 1 0 0 1 0 1 1 1 0 0 0 0 1 0 0 0 0 0 0 1 1 1 0 0 0 
6235,0     0 0 1 1 1 1 1 1 0 1 0 1 0 1 0 1 0 0 1 0 1 1 1 0 0 0 0 1 0 0 0 0 0 0 1 1 1 0 0 0 
6235,0     0 0 1 1 1 1 1 1 0 1 0 1 0 1 0 1 0 0 1 0 1 1 1 0 0 0 0 1 0 0 0 0 0 0 1 1 1 0 0 0 
6235,0     0 0 1 1 1 1 1 1 0 1 0 1 0 1 0 1 0 0 1 0 1 1 1 0 0 0 0 1 0 0 0 0 0 0 1 1 1 0 0 0 
6235,0     0 0 1 1 1 1 1 1 0 1 0 1 0 1 0 1 0 0 1 0 1 1 1 0 0 0 0 1 0 0 0 0 0 0 1 1 1 0 0 0 
6235,0     0 0 1 1 1 1 1 1 0 1 0 1 0 1 0 1 0 0 1 0 1 1 1 0 0 0 0 1 0 0 0 0 0 0 1 1 1 0 0 0 
6235,0     0 0 1 1 1 1 1 1 0 1 0 1 0 1 0 1 0 0 1 0 1 1 1 0 0 0 0 1 0 0 0 0 0 0 1 1 1 0 0 0 
6235,0     0 0 1 1 1 1 1 1 0 1 0 1 0 1 0 1 0 0 1 0 1 1 1 0 0 0 0 1 0 0 0 0 0 0 1 1 1 0 0 0 
6235,0     0 0 1 1 1 1 1 1 0 1 0 1 0 1 0 1 0 0 1 0 1 1 1 0 0 0 0 1 0 0 0 0 0 0 1 1 1 0 0 0 
6235,0     0 0 1 1 1 1 1 1 0 1 0 1 0 1 0 1 0 0 1 0 1 1 1 0 0 0 0 1 0 0 0 0 0 0 1 1 1 0 0 0 
6235,0     0 0 1 1 1 1 1 1 0 1 0 1 0 1 0 1 0 0 1 0 1 1 1 0 0 0 0 1 0 0 0 0 0 0 1 1 1 0 0 0 
6235,0     0 0 1 1 1 1 1 1 0 1 0 1 0 1 0 1 0 0 1 0 1 1 1 0 0 0 0 1 0 0 0 0 0 0 1 1 1 0 0 0 
6235,0     0 0 1 1 1 1 1 1 0 1 0 1 0 1 0 1 0 0 1 0 1 1 1 0 0 0 0 1 0 0 0 0 0 0 1 1 1 0 0 0 
6235,0     0 0 1 1 1 1 1 1 0 1 0 1 0 1 0 1 0 0 1 0 1 1 1 0 0 0 0 1 0 0 0 0 0 0 1 1 1 0 0 0 
6235,0     0 0 1 1 1 1 1 1 0 1 0 1 0 1 0 1 0 0 1 0 1 1 1 0 0 0 0 1 0 0 0 0 0 0 1 1 1 0 0 0 
6745,0     0 0 1 1 1 1 1 0 0 1 0 1 0 0 0 1 0 0 1 0 1 1 1 0 0 0 0 1 0 0 0 0 0 0 0 1 1 0 0 1 
6745,0     0 0 1 1 1 1 1 0 0 1 0 1 0 0 0 1 0 0 1 0 1 1 1 0 0 0 0 1 0 0 0 0 0 0 0 1 1 0 0 1 
6745,0     0 0 1 1 1 1 1 0 0 1 0 1 0 0 0 1 0 0 1 0 1 1 1 0 0 0 0 1 0 0 0 0 0 0 0 1 1 0 0 1 
6745,0     0 0 1 1 1 1 1 0 0 1 0 1 0 0 0 1 0 0 1 0 1 1 1 0 0 0 0 1 0 0 0 0 0 0 0 1 1 0 0 1 
6745,0     0 0 1 1 1 1 1 0 0 1 0 1 0 0 0 1 0 0 1 0 1 1 1 0 0 0 0 1 0 0 0 0 0 0 0 1 1 0 0 1 
6745,0     0 0 1 1 1 1 1 0 0 1 0 1 0 0 0 1 0 0 1 0 1 1 1 0 0 0 0 1 0 0 0 0 0 0 0 1 1 0 0 1 
6745,0     0 0 1 1 1 1 1 0 0 1 0 1 0 0 0 1 0 0 1 0 1 1 1 0 0 0 0 1 0 0 0 0 0 0 0 1 1 0 0 1 
6745,0     0 0 1 1 1 1 1 0 0 1 0 1 0 0 0 1 0 0 1 0 1 1 1 0 0 0 0 1 0 0 0 0 0 0 0 1 1 0 0 1 
6745,0     0 0 1 1 1 1 1 0 0 1 0 1 0 0 0 1 0 0 1 0 1 1 1 0 0 0 0 1 0 0 0 0 0 0 0 1 1 0 0 1 
6745,0     0 0 1 1 1 1 1 0 0 1 0 1 0 0 0 1 0 0 1 0 1 1 1 0 0 0 0 1 0 0 0 0 0 0 0 1 1 0 0 1 
6745,0     0 0 1 1 1 1 1 0 0 1 0 1 0 0 0 1 0 0 1 0 1 1 1 0 0 0 0 1 0 0 0 0 0 0 0 1 1 0 0 1 
6745,0     0 0 1 1 1 1 1 0 0 1 0 1 0 0 0 1 0 0 1 0 1 1 1 0 0 0 0 1 0 0 0 0 0 0 0 1 1 0 0 1 
 
